205953958.849 205953896.48 205953933.749 205953984.709 205954021.218
8201.28014474 8139.03240449 8174.99776552 8226.17924084 8263.52788499
8201.56325958 8138.55999417 8175.78919646 8226.62137651 8263.1346326
29638.4258126 29576.5060289 29613.363043 29664.2257225 29701.8198769
1.16903152526 0 0 26.3111569251 62.6275602803
0 0 0 25.1114846496 60.9614337304
0 0 0 25.2818242594 61.7227711834
8201.02886462 8138.39595462 8175.40631053 8226.65141871 8263.66177462
154046324.84 148203562.03 150638046.534 154654945.966 167192541.161
11437.4318756 11316.5283594 11376.9801175 12117.5141539 13795.0504405
11372.7740146 11205.8397398 11303.2180667 14391.502151 15156.6175773
10435.4420536 10145.696502 10290.5692778 13984.8250601 21445.7730125
1.98486609352 0 0 27.4495357398 64.23183634
0.513114899164 0 0 25.8221671689 62.3796871141
0 0 0 24.866218677 62.3156817303
20015.0261389 19912.5440679 19963.7851034 20834.8827071 22346.4932546
115227519.917 106665726.491 109723509.857 115839076.59 135612742.359
12363.4430936 12191.8299908 12299.08818 12406.3463693 13114.2504182
14554.2470413 14228.6913698 14391.4692056 19786.391763 20972.3445666
8525.63984283 8292.41067223 8292.41067223 13423.4524253 22286.1609078
2.55839751356 0 0 28.2969457974 64.0449295251
0.0204431835281 0 0 25.9665341564 62.0027716186
0 0 0 25.5612648557 62.9388518638
34295.6489423 34127.5663646 34239.6214164 35472.2269868 38497.7133868
86067800.5594 76789136.1294 80655246.3085 87098763.2738 109779942.992
12426.4629684 11820.800623 11992.9987408 12479.9037635 12533.3445587
16604.0201436 16245.5975257 16402.407421 22114.7678933 23324.4442286
9270.82129517 8949.11538774 9270.82129517 15061.5276288 24712.7048516
4.30289530707 0 0 28.9923984261 65.3004912481
0.826455115607 0 0 25.5881657944 62.0024462044
0 0 0 25.5891478557 62.5114492146
49056.2772299 48840.8025343 48984.4523314 49774.5262151 53365.771141
64627384.2636 55297783.7173 58504833.9051 65210484.2977 89117585.6976
12503.6039418 11859.2944824 12046.1442256 12542.2625093 12593.8072661
17619.3466582 17316.9897569 17449.2709012 22872.7978174 24384.5823236
10239.8763829 9833.70123106 9833.70123106 16332.5036598 26486.8824548
5.33585853139 0 0 30.5483440461 67.6255286266
0 0 0 25.8229956141 62.2201140013
0.173988629476 0 0 25.729059374 61.8068063074
63830.8622139 63522.3102722 63753.7242285 64023.7071774 67379.2095429
47925869.4163 39836236.3047 42947633.6553 48859288.6215 72194768.7512
12700.6771637 11968.1447092 12378.8068428 12737.6737523 12782.0696587
18114.5528861 17840.8578556 17958.1557258 23217.0102391 25191.5243873
10846.7528408 10362.8829092 10362.8829092 16895.1269852 27298.3305136
6.95614909034 0 0 32.3296948846 68.386838908
0 0 0 25.7075008017 62.241950951
0.401675794789 0 0 25.6875963133 62.2117037288
78752.6542039 78287.9529221 78559.0286698 78868.8295243 81463.4116807
35766937.4358 28711235.1527 31276945.0738 36729078.6562 58858326.7261
12900.4085589 12162.6951026 12720.590904 12937.2942318 12983.4013228
18491.1810411 18201.3976548 18325.5905346 23914.2701278 26025.5490852
10693.4982018 10693.4982018 10693.4982018 17620.2913482 27871.9452049
7.56960895437 0 0 33.6592629582 69.3608947529
0 0 0 25.5465257133 61.4005195367
0.161766942542 0 0 25.9316204043 61.7230835456
93936.4261744 93122.6028201 93529.5144973 94121.3860277 95786.024707
27171212.3143 20705510.8784 22968506.381 27494497.3861 47861456.9092
12991.351779 12280.0495295 12917.0366186 13028.5093592 13076.2833909
18745.4507459 18438.993344 18592.2220449 24502.4719392 26757.1228247
10938.9150642 10938.9150642 10938.9150642 18043.7522138 28237.6489937
9.3195324979 0 0 34.987635344 72.0637838994
0 0 0 25.0396252499 62.4855980861
0 0 0 25.9290584911 61.4418543943
109311.994066 108307.94918 108776.50346 109479.33488 110382.975277
20079994.439 14943812.1959 16548869.1469 20722017.2194 38698655.0704
12913.0765788 12275.5745154 12873.2326999 12941.5364924 12992.7643367
18821.5374502 18499.563549 18660.5504996 24916.0434381 27238.8551543
11049.9267795 11049.9267795 11049.9267795 18483.2711714 28619.6498876
12.7578698118 0 0 37.9168803538 74.9154252684
0 0 0 25.8585288629 61.8728101655
0.594225159727 0 0 25.8056706289 61.3982995266
124742.053541 123567.928676 124125.637987 124888.81915 125329.115974
15212799.7464 10796696.9827 12373876.5412 15212799.7464 31615467.1543
12625.3432375 12108.7493604 12593.0561202 12683.4600487 12754.4917068
18653.7354042 18321.1174235 18487.4264139 24949.7186113 27396.8366125
11060.7411878 11060.7411878 11060.7411878 18703.898259 28530.8144935
14.6182190852 0 0 40.2777763716 76.5030337171
0 0 0 25.6314667607 62.6740438214
0.538268969231 0 0 25.5384052969 61.6497133257
139897.107892 138734.272702 139315.690297 140074.061073 140402.68841
10888120.9483 7811518.00554 8734498.88838 11503441.5369 25655815.0738
12130.5946436 11747.5454784 12084.364572 12229.6590829 12328.7235222
18202.7537748 17864.8484441 18033.8011095 24598.818963 27084.8367532
10898.5477184 10898.5477184 10898.5477184 18646.0244803 28717.7442708
17.9193455029 0 0 44.1044880195 80.4727415148
0.44024773018 0 0 25.655564233 62.7369120313
0 0 0 25.2761909865 62.6340043833
154562.649352 153515.227686 154059.081244 154743.933871 155046.074736
8050495.26522 5662747.42675 6558152.86618 8647432.22483 20586171.4172
11438.8686713 11198.8805605 11398.8706528 11572.1953995 11692.1894549
17428.3509805 17138.3648304 17307.5234179 23880.542819 26417.9216319
10583.8966574 10583.8966574 10583.8966574 18745.2473254 28538.8681269
21.5683093276 0 0 47.5050869166 84.1217141011
0 0 0 25.7099994933 61.3841569663
0 0 0 25.7049822936 61.8605453216
168556.983692 167501.642765 168200.030143 168712.180887 168960.496399
6423465.4558 4116123.81504 4692959.22523 6423465.4558 16806502.8392
10597.2367471 10463.4454051 10554.6667746 10749.2723629 10876.9822802
16440.9852797 16157.2517674 16299.1185236 22754.0559269 25236.724159
10114.3182473 10114.3182473 10114.3182473 17785.7945792 28014.4296884
25.9690559002 0 0 52.2025011707 90.0952554503
0 0 0 25.7161192202 61.7236743629
0.00155535689784 0 0 25.3428884468 62.2688309492
181619.737516 179964.158589 181481.772606 181757.702427 182092.760067
4670549.1118 3003140.59824 3281042.01717 4670549.1118 13563394.5174
9640.94880564 9521.1764442 9602.83941791 9798.83055482 9934.935511
15224.171852 14950.9170196 15110.3156718 21304.0918719 23740.6141271
9497.60581475 9497.60581475 9497.60581475 17001.5598074 27153.9681503
30.620366861 0 3.6831962814 57.5575374405 97.5551543617
0 0 0 25.5235090184 62.7460861498
0 0 0 25.7839847134 61.9580202663
193673.828352 191826.976329 193558.4001 193789.256603 194227.883959
3271159.03526 2202373.68978 2469570.02615 3538355.37163 10752656.4536
8609.52147843 8506.27121046 8567.28273244 8769.09007438 8900.49950634
13845.1518476 13586.2123901 13737.260407 19563.3982001 21915.4316054
8735.48927338 8735.48927338 8735.48927338 15545.0753161 25078.495776
37.1883623279 0 9.51636125984 65.6509919978 106.763679299
0.430339411915 0 0 25.4680835808 61.9516536554
0 0 0 25.6763115686 61.7903084362
204510.16669 202689.787081 204383.75144 204788.280242 205116.959894
2652468.45225 1626488.29844 1882983.33689 2652468.45225 8808349.37511
7557.32179524 7457.93089038 7518.27536833 7695.759127 7812.89840772
12407.2563554 12165.9536278 12266.496431 17635.48212 19847.4237896
7931.27273991 7931.27273991 7931.27273991 14421.2754428 23692.7078754
44.1342114862 0 14.6396369823 73.6287859901 118.646820759
0 0 0 25.7443183738 61.5457722559
0.670762872076 0 0 25.4916548144 61.659240216
214095.868036 212446.452756 213962.850675 214548.127065 214893.972204
1704301.7296 1212441.64192 1212441.64192 2196161.81727 7114762.69401
6518.85917165 6430.23222003 6480.08488031 6626.87326893 6740.42655068
10897.7720438 10678.2527446 10769.7191193 15654.0235275 17629.6972207
7094.57191955 7094.57191955 7094.57191955 13210.5304664 22149.2391119
50.6901777587 0 21.1887271521 84.530076984 133.988391236
0.266627132904 0 0 25.9278422587 62.9940418848
0 0 0 25.8672678907 61.4002463145
222385.592498 220939.869204 222305.274537 223108.454144 223456.498641
1386024.78901 914842.657486 914842.657486 1386024.78901 5626663.97274
5528.18449248 5445.09395648 5490.79375128 5600.88871149 5723.44725209
9408.6132715 9212.0071025 9326.69403442 13619.2620576 15372.3337312
6176.17005875 6176.17005875 6176.17005875 11397.6973756 19467.3305015
59.1005802366 0 27.8942946025 97.6495213139 156.39076486
0.399321523088 0 0 25.5148555686 62.4494644591
0.556477290362 0 0 24.9345704345 62.2187128903
229506.029923 228266.636818 229428.567854 230358.112683 230693.781649
1151994.15744 700919.985364 700919.985364 1151994.15744 4760587.53404
4610.01996649 4533.19399623 4575.87509082 4652.70106107 4840.49787725
7985.51558386 7814.19443779 7914.13177299 11711.7505109 13153.7034904
5378.38647864 5378.38647864 5378.38647864 10139.5509649 17757.4141429
68.3579091884 0 35.8770365652 113.634277087 182.533097803
0 0 0 25.6898330657 61.8339113057
0 0 0 25.9838497869 61.9101456193
235487.424905 234545.503661 235413.062702 236379.771347 236776.369765
547035.543453 547035.543453 547035.543453 978646.205915 3999920.84315
3779.60245996 3706.95731708 3748.4688273 3810.73609262 4023.48258248
6701.1504208 6529.54113721 6615.345779 9949.46900294 11064.9293462
4594.67995414 4594.67995414 4594.67995414 8395.00864287 15045.5838482
77.5744193655 0 43.8787741655 135.775988347 216.441320796
0 0 0 24.6789038267 62.5101687392
0 0 0 25.5621058371 61.3505508796
240443.32331 239690.063031 240396.244542 241337.819891 241808.607565
436128.32371 436128.32371 436128.32371 436128.32371 2913135.88587
3051.66526691 2958.30859678 3013.73911967 3080.83922632 3279.22215035
5516.58325537 5373.63052733 5445.10689135 8273.52872467 9131.2450929
3881.21235 3881.21235 3881.21235 7183.59942435 13316.603991
88.7040600646 6.12432284077 53.3127441116 161.846113034 258.582376639
0.54618977468 0 0 25.3001547778 62.4311022826
0.580196514904 0 0 25.0864083394 62.2409875572
244516.583142 243903.481831 244428.99724 245348.649206 245830.371665
355932.977182 355932.977182 355932.977182 355932.977182 2329768.65565
2431.27724802 2306.29200917 2378.15852151 2462.52355773 2625.00436824
4477.23559964 4359.23566233 4418.23563099 6710.80584147 7393.51976444
3241.25392372 3241.25392372 3241.25392372 5572.5139131 10701.2858897
100.220181481 14.1229764156 65.2431919233 193.043730693 310.082118829
0.0984962286602 0 0 26.1247992761 61.7397402884
0 0 0 25.2580549521 62.1252660417
247764.509645 247371.512475 247685.910211 248530.854127 248982.800872
297657.100309 297657.100309 297657.100309 297657.100309 2184725.20852
1911.13274326 1761.17438418 1845.9334567 1946.99235087 2074.13095965
3598.72104714 3482.19913758 3533.17747301 5368.39754853 5929.15923827
2661.07929495 2661.07929495 2661.07929495 4955.99247177 9086.83619005
114.014289513 21.1303806774 77.4236587594 232.230173485 375.778032594
0.381556723268 0 0 25.6405477497 61.300299787
0.0368092987254 0 0 25.8358246077 61.6677903146
250340.353257 250030.741084 250271.550552 251028.38031 251441.196542
254884.262624 254884.262624 254884.262624 254884.262624 1697961.7872
1485.93491296 1322.16692846 1410.34968935 1523.72752477 1611.91028565
2843.74044114 2747.03880758 2795.38962436 4211.37783005 4667.25695969
2181.25650612 2181.25650612 2181.25650612 3531.34987071 7581.62996448
130.36024006 30.686819545 92.152095529 278.209147156 455.960080407
0 0 0 25.3207469781 62.5557621729
0 0 0 25.6177427784 61.9434530741
252365.56086 252134.165844 252293.249917 252944.0484 253320.065301
223146.120714 223146.120714 223146.120714 223146.120714 1257610.45953
1142.84519472 970.8890154 1062.79662849 1178.42233527 1249.57661637
2230.23067645 2128.26268041 2185.61967818 3243.53763702 3645.0366214
1788.35120796 1788.35120796 1788.35120796 3107.3342363 6184.96130241
146.205379847 40.3041244555 108.943827024 332.51314396 554.121326538
0.331051218051 0 0 25.6550967147 61.4066903571
0.3777863906 0 0 25.6429165103 62.1369933499
253937.635197 253724.769528 253854.854103 254398.844144 254741.794388
199190.658776 199190.658776 199190.658776 199190.658776 1187848.29333
866.984601704 704.549577375 791.18159035 904.88610738 964.445616301
1724.9897614 1634.30411629 1685.31479167 2461.81062795 2824.55320841
1452.09653323 1452.09653323 1452.09653323 2308.45709894 4877.53879606
165.526402806 47.3327816635 126.886180509 399.640690838 674.66815542
0.812501190365 0 0 25.5322748819 61.8848832518
0.796345255517 0 0 25.5076615605 62.2002221345
255142.470235 254929.537579 255065.040178 255500.584249 255781.268205
180685.938351 180685.938351 180685.938351 180685.938351 810570.002804
650.171072231 495.5168147 580.576656342 686.257065655 742.963626749
1325.36117862 1243.5639355 1289.57488476 1846.81860354 2174.00757603
1171.58220558 1171.58220558 1171.58220558 1587.41465408 3666.57689658
192.80032224 53.8998433687 150.061713357 481.285932204 823.194803271
0 0 0 25.5876741331 62.2925770716
0 0 0 25.8762800435 62.0536393255
256059.042571 255855.251145 255980.661254 256302.024657 256576.359269
166113.322654 166113.322654 166113.322654 166113.322654 768047.375621
486.211430067 342.348008144 421.240852425 518.696718889 574.385785439
1015.43332966 923.016913046 973.845942183 1361.99489195 1643.86496262
954.845917841 954.845917841 954.845917841 1357.55443818 2565.67999922
220.061748362 57.0840640351 174.42799675 578.612653881 1002.35463313
0.461099313418 0 0 25.6011233844 61.9144914869
0 0 0 25.2579603981 61.5999930756
256738.97514 256539.655203 256664.230164 256900.922589 257199.902494
154266.245659 154266.245659 154266.245659 154266.245659 441870.335163
357.960379995 229.560533976 304.115283277 391.095824129 440.79899033
765.43303668 684.481652776 729.004913923 988.049342416 1234.95106332
755.829783796 755.829783796 755.829783796 755.829783796 2312.60966433
248.027514692 65.326315302 202.352214845 697.167963193 1230.04646141
0 0 0 25.671046601 61.6919071305
0 0 0 25.6445446186 61.5830107619
257236.769727 257022.501693 257159.395159 257355.807523 257653.402013
144431.453274 144431.453274 144431.453274 144431.453274 419260.262017
261.161192433 149.940032705 214.819042546 294.527540352 342.723376235
575.330921528 495.665277377 539.119265096 709.314050328 915.720491993
628.41944557 628.41944557 628.41944557 628.41944557 1379.01645332
290.072011642 62.9884986732 235.571968529 839.614113025 1507.23964115
0 0 0 25.4750630159 62.1332512043
0.348681011572 0 0 25.9033018889 62.8155320449
257596.517978 257317.301237 257526.713793 257694.243837 258029.303927
135967.067889 135967.067889 135967.067889 135967.067889 398584.783594
188.646800315 90.2634523195 149.632714041 220.875828107 270.067502104
431.187549899 355.009995715 396.272837565 507.365104083 672.416471481
527.335701126 527.335701126 527.335701126 527.335701126 1249.63141431
328.75440059 65.8126924062 268.496925798 1013.49843232 1840.66922264
0 0 0 25.3276750062 62.3719153365
0.0355667105044 0 0 25.5048350841 62.6171975713
257877.007694 257497.334448 257774.179523 257964.016146 258304.140095
128555.831316 128555.831316 128555.831316 128555.831316 379502.378213
137.404906683 49.0644317768 102.699720113 167.377567812 213.125313745
320.244990445 243.756717494 287.464302037 363.952574988 489.611880549
401.722104576 401.722104576 401.722104576 401.722104576 1096.09020063
374.397938611 67.4877166403 314.350286486 1235.0809524 2255.89103852
0 0 0 25.8478927478 62.1089291391
0.488639256971 0 0 25.1667463529 61.4580803176
258065.453579 257633.978631 257953.270093 258160.378068 258531.446523
121921.226 121921.226 121921.226 121921.226 361714.071981
97.6583933913 19.6041292946 66.1848998039 127.872947235 173.194778001
234.563115754 164.328152395 206.46913041 267.339431988 351.621388019
349.146679099 349.146679099 349.146679099 349.146679099 1015.39882497
432.28933277 79.2187575887 360.070351483 1491.50105832 2775.39405898
0.652815875228 0 0 25.384302185 62.834838597
0 0 0 25.0265794276 61.5431150302
258213.077817 257740.114084 258076.645971 258304.032382 258686.041551
115906.867868 115906.867868 115906.867868 115906.867868 115906.867868
70.1141407529 0 40.8230379295 99.4052435764 139.962155178
170.763317285 103.193575455 141.201555234 198.213524903 259.448603436
298.503339313 298.503339313 298.503339313 298.503339313 298.503339313
497.790122516 81.9792507906 408.68779286 1804.6242908 3408.46622459
0.217808772828 0 0 25.7248176954 62.568275028
0 0 0 25.7764501694 62.7034565704
258320.787537 257802.479256 258157.616412 258416.770552 258781.50601
110343.287529 110343.287529 110343.287529 110343.287529 110343.287529
49.5004232085 0 22.3926985225 77.6507526902 118.312339719
121.187529917 59.5217550792 95.7957402777 148.393018815 197.362898833
251.754330261 251.754330261 251.754330261 251.754330261 251.754330261
561.148044186 82.6402973796 477.409188495 2176.11168966 4173.88153257
0 0 0 25.5670151212 61.5894486345
0.499156301284 0 0 25.1233962207 62.4569212599
258401.307281 257842.445248 258221.673056 258491.124393 258860.372522
105136.649034 105136.649034 105136.649034 105136.649034 105136.649034
35.4560943527 0 8.54654664626 62.3656420592 102.2660059
87.7845694294 23.7035666681 61.8470206927 113.722118166 157.968524835
221.667777891 221.667777891 221.667777891 221.667777891 221.667777891
648.440474438 91.6531278746 545.874384281 2641.15308319 5132.04384413
0 0 0 25.6611545714 62.7703329435
0 0 0 25.2935895205 62.2863295398
258458.780793 257876.271501 258261.143712 258552.398357 258895.662761
100253.101692 100253.101692 100253.101692 100253.101692 100253.101692
24.8716766243 0 0 52.2967263523 90.3379243622
61.3108769272 0.908670733803 36.8623648965 88.6356844909 133.218265253
187.880200877 187.880200877 187.880200877 187.880200877 187.880200877
735.249822635 90.9531002077 609.969904386 3205.05392527 6319.15475034
0 0 0 25.8201338704 62.6435896753
0.093754437952 0 0 25.3329448619 62.4494013677
258509.064044 257912.054332 258285.185402 258594.351145 258935.499552
95695.5887384 95695.5887384 95695.5887384 95695.5887384 95695.5887384
18.2040620621 0 0 44.7935321487 81.0519004486
44.6818414872 0 18.8332935441 70.5303894304 112.112836122
138.522597655 138.522597655 138.522597655 138.522597655 138.522597655
838.023378767 90.9387338059 706.184912009 3870.3081142 7737.56980576
0.0322154126696 0 0 25.5248370692 62.6712286258
0.0807141256305 0 0 25.485401006 62.5036590317
258519.936512 257910.629193 258302.326756 258628.741391 258955.156026
91354.9493047 91354.9493047 91354.9493047 91354.9493047 91354.9493047
13.5689218744 0 0 38.73186901 75.7362030329
31.980599753 0 5.08968770508 56.802980105 98.1736140249
141.58206118 141.58206118 141.58206118 141.58206118 141.58206118
993.863874183 76.6960932741 805.035213408 4689.51052079 9518.12913204
0 0 0 25.8530727159 62.4192605373
0.417832477276 0 0 25.3493098462 61.6780340124
258558.769507 257918.587141 258315.941713 258647.070523 258978.199333
87230.7107617 87230.7107617 87230.7107617 87230.7107617 87230.7107617
8.86760727692 0 0 34.228126714 72.2689058695
22.4390352551 0 0 47.9008700556 87.0729235947
120.4540964 120.4540964 120.4540964 120.4540964 120.4540964
1118.03115321 123.282045252 919.08133162 5693.87704983 11662.3716976
0 0 0 25.5527263831 61.9104853576
0.920181005012 0 0 26.1539396373 62.6027021061
258573.514044 257924.687148 258327.40729 258663.007409 258976.234187
83304.533067 83304.533067 83304.533067 83304.533067 83304.533067
7.2514314262 0 0 31.919814446 68.1968482986
15.8536261545 0 0 41.5056711503 79.5414620061
89.820598065 89.820598065 89.820598065 89.820598065 89.820598065
1311.1622934 86.4834610526 1066.22652693 6863.0396667 14374.4031718
0.38790241555 0 0 25.4328268201 62.2635980033
0 0 0 26.0305634122 62.002260039
258572.00174 257945.636427 258337.114748 258672.667594 258997.035346
79557.8607176 79557.8607176 79557.8607176 79557.8607176 79557.8607176
4.33613247689 0 0 30.0514496563 67.1957966933
10.6904859727 0 0 37.1842268011 73.9810890626
86.5818633949 86.5818633949 86.5818633949 86.5818633949 86.5818633949
1438.13244566 131.852785175 1186.92481864 8321.22142589 17615.9036255
0.210650623361 0 0 25.4859340817 62.3156328354
0 0 0 25.7166489728 62.1587148873
258582.10668 257947.897847 258344.278368 258684.0331 258989.812359
76006.1825435 76006.1825435 76006.1825435 76006.1825435 76006.1825435
2.8758245461 0 0 28.5266345625 65.5778045861
7.7859378455 0 0 33.3946665374 70.2072140319
75.8052780562 75.8052780562 75.8052780562 75.8052780562 75.8052780562
1679.12783543 74.552943522 1370.55574083 10072.2888085 21674.5995654
0 0 0 25.4292329154 61.3451514426
0 0 0 25.7103753746 61.397931967
258578.883851 257942.964999 258340.414281 258692.440789 258987.688827
72606.9490359 72606.9490359 72606.9490359 72606.9490359 72606.9490359
2.77284402561 0 0 27.2299654352 63.9156475495
6.48703336803 0 0 30.7786419961 67.9305140154
67.3143876357 67.3143876357 67.3143876357 67.3143876357 67.3143876357
1931.41717533 108.496756759 1551.64208813 12185.3445298 26540.842826
0 0 0 25.4951376456 62.656266679
0 0 0 25.5857682196 62.228537739
258585.167431 257951.498301 258347.541507 258698.322632 258992.526157
69372.3433872 69372.3433872 69372.3433872 69372.3433872 69372.3433872
2.02216917045 0 0 27.8037022527 62.9603382739
3.53071544859 0 0 29.379797782 65.8726198998
47.2078320136 47.2078320136 47.2078320136 47.2078320136 47.2078320136
2227.21320633 169.45597089 1759.54110737 14760.8254586 32719.4340588
0 0 0 25.7561919364 61.9325107663
0 0 0 25.3047623406 61.9495049068
258599.416348 257941.556957 258349.883476 258690.155575 258985.05806
66271.3701402 66271.3701402 66271.3701402 66271.3701402 66271.3701402
1.04615140358 0 0 26.4528944206 63.1515232229
2.88736721728 0 0 28.9914161633 65.2470396995
35.7039067739 35.7039067739 35.7039067739 35.7039067739 35.7039067739
2530.68611086 227.331330706 2070.01515483 17847.9953988 40075.3690273
0 0 0 25.7540731917 61.1595559172
0 0 0 25.6674673314 61.6328632889
258602.323856 257940.448845 258351.267817 258693.616961 258990.319552
63310.6795308 63310.6795308 63310.6795308 63310.6795308 63310.6795308
1.58417514362 0 0 26.3391444509 63.0965231194
1.83613446632 0 0 27.4551533839 63.3217798685
39.6796134819 39.6796134819 39.6796134819 39.6796134819 39.6796134819
2865.53428218 311.518465763 2297.97521186 21594.9836026 49405.378048
0.521431536211 0 0 25.1555373827 61.3821636276
0.155459044593 0 0 25.3334628672 62.0214112943
258604.348331 257943.140409 258353.545326 258695.549424 258991.952975
60476.7762436 60476.7762436 60476.7762436 60476.7762436 60476.7762436
0.0339942263277 0 0 26.0012534061 61.7939620053
1.95253878577 0 0 26.8544627052 63.1401232734
6.26446564466 6.26446564466 6.26446564466 6.26446564466 6.26446564466
3214.26136563 69.3973133867 2690.11735692 26101.8830792 60520.6729842
0 0 0 25.5184079811 61.6697903038
0 0 0 25.7568490996 62.3819898347
258611.696561 257951.123621 258349.745223 258702.81007 258998.928974
57779.0291787 57779.0291787 57779.0291787 57779.0291787 57779.0291787
0.297997555638 0 0 25.9679705569 61.6207108363
1.10942804591 0 0 25.8381327378 62.9311897757
0 0 0 0 0
3967.73485355 93.7089701481 3106.84021279 31731.5870179 74561.0953956
0.608285398094 0 0 25.4855024106 62.0696450759
0.532011691677 0 0 25.7831059264 61.431709552
258607.90819 257945.581189 258345.261276 258699.263638 258996.168845
55222.6224232 55222.6224232 55222.6224232 55222.6224232 55222.6224232
0.610062277814 0 0 25.6353716709 62.4372972489
0.252770683284 0 0 25.6281460485 62.2814660205
16.5394279729 16.5394279729 16.5394279729 16.5394279729 16.5394279729
4405.72693748 163.143107734 3345.08098004 38611.5590648 91378.6954473
0 0 0 25.2313497275 60.9900364604
0.442785693697 0 0 25.5652497338 62.5100497929
258598.837104 257938.009051 258348.178187 258701.379388 258986.219066
52757.5492186 52757.5492186 52757.5492186 52757.5492186 52757.5492186
0 0 0 25.3380291891 62.0886647569
0 0 0 26.2393427008 62.8472947948
4.09354723063 4.09354723063 4.09354723063 4.09354723063 4.09354723063
4786.31982206 210.561297255 4132.6400328 46294.9864399 111989.80526
0.305873326271 0 0 25.302396185 62.0619886243
0 0 0 25.2985958699 62.9061085726
258602.838824 257940.656016 258351.666035 258705.591329 258991.014954
50388.9071846 50388.9071846 50388.9071846 50388.9071846 50388.9071846
0.814182492384 0 0 25.5662275781 61.3191815908
0.171122738193 0 0 25.8435615724 62.6175955782
0 0 0 0 0
5937.02887276 300.549687967 4326.60624853 56262.7358798 137991.684059
0 0 0 25.3556765538 62.522932902
0.505838246479 0 0 25.0677851323 62.6331156636
258612.951041 257952.329112 258350.980276 258704.071307 259000.212171
